if game:GetService'CoreGui':FindFirstChild'RawrHub'then game.StarterGui:SetCore("SendNotification",{Title="Rawr Hub",Text="its Already Running.",Duration=5,Button1="Oh, Okay!"})else _G.Theme={['AccentColor']=Color3.fromRGB(255,107,211),['ImgColor']=Color3.fromRGB(26,26,26),['OtherColor']=Color3.fromRGB(22,22,22),['toggleoff']=Color3.fromRGB(255,60,60),['toggleon']=Color3.fromRGB(98,255,161)}if _G.Theme==nil then _G.Theme={['AccentColor']=Color3.fromRGB(98,255,161),['ImgColor']=Color3.fromRGB(26,26,26),['OtherColor']=Color3.fromRGB(22,22,22),['toggleoff']=Color3.fromRGB(255,60,60),['toggleon']=Color3.fromRGB(98,255,161)}end;local a={}function a:Create(b)local c=Instance.new('ScreenGui')local d=Instance.new("ImageLabel")local e=Instance.new("ImageLabel")local f=Instance.new("ImageLabel")local g=Instance.new("TextLabel")local h=Instance.new("Frame")local i=Instance.new("Frame")local j=Instance.new("UIListLayout")c.Name='RawrHub'c.Parent=game.CoreGui;d.Name="HomeFrame"d.Parent=c;d.BackgroundColor3=Color3.fromRGB(255,255,255)d.BackgroundTransparency=1.000;d.Position=UDim2.new(0.0438378826,0,0.152298853,0)d.Size=UDim2.new(0,412,0,260)d.Image="rbxassetid://3570695787"d.ImageColor3=_G.Theme['OtherColor']d.ScaleType=Enum.ScaleType.Slice;d.SliceCenter=Rect.new(100,100,100,100)d.SliceScale=0.05;e.Name="TopDesign"e.Parent=d;e.BackgroundColor3=Color3.fromRGB(255,255,255)e.BackgroundTransparency=1.000;e.Size=UDim2.new(0,412,0,44)e.Image="rbxassetid://3570695787"e.ImageColor3=_G.Theme['ImgColor']e.ScaleType=Enum.ScaleType.Slice;e.SliceCenter=Rect.new(100,100,100,100)e.SliceScale=0.05;f.Name="TopDesign"f.Parent=d;f.BackgroundColor3=Color3.fromRGB(255,255,255)f.BackgroundTransparency=1.000;f.Size=UDim2.new(0,412,0,5)f.Image="rbxassetid://3570695787"f.ImageColor3=_G.Theme['AccentColor']f.ScaleType=Enum.ScaleType.Slice;f.SliceCenter=Rect.new(100,100,100,100)f.SliceScale=0.05;g.Parent=d;g.BackgroundColor3=Color3.fromRGB(255,255,255)g.BackgroundTransparency=1.000;g.BorderSizePixel=0;g.Position=UDim2.new(0,0,0,5)g.Size=UDim2.new(0,120,0,40)g.Font=Enum.Font.SourceSansBold;g.Text=b;g.TextColor3=_G.Theme['AccentColor']g.TextSize=18.000;h.Name="TabContainer"h.Parent=d;h.BackgroundColor3=Color3.fromRGB(255,255,255)h.BackgroundTransparency=1.000;h.BorderSizePixel=0;h.ClipsDescendants=true;h.Position=UDim2.new(0.29126215,0,0.0219298247,0)h.Size=UDim2.new(0,292,0,35)j.Parent=h;j.FillDirection=Enum.FillDirection.Horizontal;j.SortOrder=Enum.SortOrder.LayoutOrder;i.Name="Container"i.Parent=d;i.BackgroundColor3=Color3.fromRGB(255,255,255)i.BackgroundTransparency=1.000;i.BorderSizePixel=0;i.Position=UDim2.new(0,0,0.173076928,0)i.Size=UDim2.new(0,412,0,215)local function k()local l=Instance.new('LocalScript',d)local m={}m=l.Parent;local n=game:GetService("UserInputService")local o;local p;local q;local r;local function s(t)local u=t.Position-q;m:TweenPosition(UDim2.new(r.X.Scale,r.X.Offset+u.X,r.Y.Scale,r.Y.Offset+u.Y),"Out","Linear",0.1,true)end;m.InputBegan:Connect(function(t)if t.UserInputType==Enum.UserInputType.MouseButton1 or t.UserInputType==Enum.UserInputType.Touch then o=true;q=t.Position;r=m.Position;t.Changed:Connect(function()if t.UserInputState==Enum.UserInputState.End then o=false end end)end end)m.InputChanged:Connect(function(t)if t.UserInputType==Enum.UserInputType.MouseMovement or t.UserInputType==Enum.UserInputType.Touch then p=t end end)n.InputChanged:Connect(function(t)if t==p and o then s(t)end end)end;coroutine.wrap(k)()local v={}function v:CreateTab(b)local w=Instance.new("Frame")local x=Instance.new("TextButton")local y=Instance.new("Frame")local z=Instance.new("UIListLayout")w.Parent=h;w.BackgroundColor3=_G.Theme['ImgColor']w.BorderSizePixel=0;w.ClipsDescendants=true;w.Position=UDim2.new(0,175,0,110)w.Size=UDim2.new(0,103,0,40)x.Parent=w;x.BackgroundColor3=Color3.fromRGB(20,20,20)x.BackgroundTransparency=1.000;x.BorderColor3=Color3.fromRGB(56,56,56)x.BorderSizePixel=0;x.Size=UDim2.new(0,103,0,40)x.AutoButtonColor=false;x.Font=Enum.Font.SourceSansBold;x.Text=b;x.TextColor3=Color3.fromRGB(255,255,255)x.TextSize=15.000;x.MouseButton1Down:connect(function()for A,B in pairs(i:GetChildren())do if B:IsA('Frame')then B.Visible=false;if B.Name==b then B.Visible=true end elseif B:IsA('ImageLabel')then B.Visible=false end end end)y.Name=b;y.Parent=i;y.BackgroundColor3=Color3.fromRGB(255,255,255)y.BackgroundTransparency=1.000;y.BorderSizePixel=0;y.Position=UDim2.new(0,5,0,7)y.Size=UDim2.new(0,116,0,201)z.Parent=y;z.SortOrder=Enum.SortOrder.LayoutOrder;local function C()local l=Instance.new('LocalScript',h)local D=l.Parent;local E=0;for F,B in pairs(D:GetChildren())do if B:IsA('Frame')then E=E+1 end end;wait(.25)local G=E;E=E*292/E;G=E/G;for A,B in pairs(D:GetChildren())do if B:IsA('Frame')then B.Size=UDim2.new(0,G,0,40)B.TextButton.Size=UDim2.new(0,G,0,40)end end end;coroutine.wrap(C)()local H={}function H:CreateSection(I)local J=Instance.new("ImageLabel")local K=Instance.new("TextButton")local L=Instance.new("ImageLabel")local M=Instance.new("ScrollingFrame")local N=Instance.new("UIListLayout")J.Name=I;J.Parent=y;J.BackgroundColor3=Color3.fromRGB(255,255,255)J.BackgroundTransparency=1.000;J.Size=UDim2.new(0,116,0,32)J.Image="rbxassetid://3570695787"J.ImageColor3=_G.Theme['ImgColor']J.ScaleType=Enum.ScaleType.Slice;J.SliceCenter=Rect.new(100,100,100,100)J.SliceScale=0.05;K.Parent=J;K.BackgroundColor3=Color3.fromRGB(36,36,36)K.BackgroundTransparency=1.000;K.BorderColor3=Color3.fromRGB(56,56,56)K.BorderSizePixel=0;K.Size=UDim2.new(0,116,0,32)K.AutoButtonColor=false;K.Font=Enum.Font.SourceSansBold;K.Text=I;K.TextColor3=Color3.fromRGB(255,255,255)K.TextSize=15.000;K.MouseButton1Down:connect(function()for A,B in pairs(i:GetChildren())do if B:IsA('ImageLabel')then B.Visible=false;if B.Name==I then B.Visible=true end end end end)L.Name=I;L.Parent=i;L.BackgroundColor3=Color3.fromRGB(255,255,255)L.BackgroundTransparency=1.000;L.Position=UDim2.new(0,125,0,7)L.Size=UDim2.new(0,282,0,201)L.Image="rbxassetid://3570695787"L.ImageColor3=_G.Theme['ImgColor']L.ScaleType=Enum.ScaleType.Slice;L.SliceCenter=Rect.new(100,100,100,100)L.SliceScale=0.05;M.Parent=L;M.Active=true;M.BackgroundColor3=Color3.fromRGB(255,255,255)M.BackgroundTransparency=1.000;M.BorderSizePixel=0;M.Position=UDim2.new(0.0106382975,0,0.0298507456,0)M.Size=UDim2.new(0,275,0,195)M.ScrollBarThickness=0;N.Parent=M;N.SortOrder=Enum.SortOrder.LayoutOrder;N.Padding=UDim.new(0,4)local function O()local l=Instance.new('LocalScript',M)local P=l.Parent;wait(1.5)P.CanvasSize=UDim2.new(0,0,0,P.UIListLayout.AbsoluteContentSize.Y)end;coroutine.wrap(O)()local Q={}function Q:CreateButton(I,R)local S=Instance.new("ImageLabel")local T=Instance.new("TextButton")local R=R or function()end;S.Name="Frame"S.Parent=M;S.BackgroundColor3=Color3.fromRGB(255,255,255)S.BackgroundTransparency=1.000;S.Size=UDim2.new(0,275,0,32)S.Image="rbxassetid://3570695787"S.ImageColor3=_G.Theme['OtherColor']S.ScaleType=Enum.ScaleType.Slice;S.SliceCenter=Rect.new(100,100,100,100)S.SliceScale=0.05;T.Parent=S;T.BackgroundColor3=Color3.fromRGB(36,36,36)T.BackgroundTransparency=1.000;T.BorderColor3=Color3.fromRGB(56,56,56)T.BorderSizePixel=0;T.Size=UDim2.new(0,275,0,32)T.AutoButtonColor=false;T.Font=Enum.Font.SourceSansBold;T.Text=I;T.TextColor3=Color3.fromRGB(255,255,255)T.TextSize=15.000;T.MouseButton1Down:connect(function()pcall(R)end)end;function Q:CreateLabel(I)local S=Instance.new("ImageLabel")local T=Instance.new("TextButton")S.Name="Frame"S.Parent=M;S.BackgroundColor3=Color3.fromRGB(255,255,255)S.BackgroundTransparency=1.000;S.Size=UDim2.new(0,275,0,32)S.Image="rbxassetid://3570695787"S.ImageColor3=_G.Theme['OtherColor']S.ScaleType=Enum.ScaleType.Slice;S.SliceCenter=Rect.new(100,100,100,100)S.SliceScale=0.05;T.Parent=S;T.BackgroundColor3=Color3.fromRGB(36,36,36)T.BackgroundTransparency=1.000;T.BorderColor3=Color3.fromRGB(56,56,56)T.BorderSizePixel=0;T.Size=UDim2.new(0,275,0,32)T.AutoButtonColor=false;T.Font=Enum.Font.SourceSansBold;T.Text=I;T.TextColor3=Color3.fromRGB(255,255,255)T.TextSize=15.000 end;function Q:CreateToggle(U,V,R)local R=R or function()end;local W={}local X=false;local Y=Instance.new("ImageLabel")local Z=Instance.new("ImageLabel")local _=Instance.new("TextButton")local a0=Instance.new("TextLabel")Y.Name="Frame"Y.Parent=M;Y.BackgroundColor3=Color3.fromRGB(255,255,255)Y.BackgroundTransparency=1.000;Y.ClipsDescendants=true;Y.Position=UDim2.new(0,0,0.369230777,0)Y.Size=UDim2.new(0,275,0,50)Y.Image="rbxassetid://3570695787"Y.ImageColor3=_G.Theme['OtherColor']Y.ScaleType=Enum.ScaleType.Slice;Y.SliceCenter=Rect.new(100,100,100,100)Y.SliceScale=0.05;Z.Name="Frame"Z.Parent=Y;Z.BackgroundColor3=Color3.fromRGB(255,255,255)Z.BackgroundTransparency=1.000;Z.ClipsDescendants=true;Z.Position=UDim2.new(0,249,0,6)Z.Size=UDim2.new(0,20,0,20)Z.Image="rbxassetid://3570695787"Z.ImageColor3=Color3.fromRGB(255,60,60)Z.ScaleType=Enum.ScaleType.Slice;Z.SliceCenter=Rect.new(100,100,100,100)Z.SliceScale=0.05;_.Parent=Y;_.BackgroundColor3=Color3.fromRGB(36,36,36)_.BackgroundTransparency=1.000;_.BorderColor3=Color3.fromRGB(56,56,56)_.BorderSizePixel=0;_.Size=UDim2.new(0,275,0,32)_.AutoButtonColor=false;_.Font=Enum.Font.SourceSansBold;_.Text=U;_.TextColor3=Color3.fromRGB(255,255,255)_.TextSize=15.000;a0.Parent=Y;a0.BackgroundColor3=Color3.fromRGB(255,255,255)a0.BackgroundTransparency=1.000;a0.Position=UDim2.new(0,9,0,28)a0.Size=UDim2.new(0,266,0,22)a0.Font=Enum.Font.SourceSansBold;a0.Text=V;a0.TextColor3=Color3.fromRGB(111,111,111)a0.TextSize=14.000;a0.TextXAlignment=Enum.TextXAlignment.Left;function fire()X=not X;Z.ImageColor3=X and _G.Theme['toggleon']or _G.Theme['toggleoff']pcall(R,X)end;_.MouseButton1Down:connect(fire)function W:Set(a1)Z.ImageColor3=X and _G.Theme['toggleon']or _G.Theme['toggleoff']pcall(R,a1)end end;function Q:CreateTextBox(I,R)local R=R or function()end;local a2=Instance.new("ImageLabel")local a3=Instance.new("TextBox")a2.Name="Frame"a2.Parent=M;a2.BackgroundColor3=Color3.fromRGB(255,255,255)a2.BackgroundTransparency=1.000;a2.ClipsDescendants=true;a2.Position=UDim2.new(0,0,0.184615389,0)a2.Size=UDim2.new(0,275,0,32)a2.Image="rbxassetid://3570695787"a2.ImageColor3=_G.Theme['OtherColor']a2.ScaleType=Enum.ScaleType.Slice;a2.SliceCenter=Rect.new(100,100,100,100)a2.SliceScale=0.05;a3.Parent=a2;a3.BackgroundColor3=Color3.fromRGB(255,255,255)a3.BackgroundTransparency=1.000;a3.BorderSizePixel=0;a3.Size=UDim2.new(0,275,0,32)a3.Font=Enum.Font.SourceSansBold;a3.PlaceholderText=I;a3.Text=""a3.TextColor3=Color3.fromRGB(255,255,255)a3.TextSize=15.000;a3.FocusLost:Connect(function(a4)if a4 then if#a3.Text>0 then pcall(R,a3.Text)a3.Text=""end end end)end;function Q:CreateDropdown(I)local a5=Instance.new("ImageLabel")local a6=Instance.new("TextLabel")local a7=Instance.new("TextButton")local a8=Instance.new("ImageLabel")local a9=Instance.new("UIListLayout")a5.Name="Frame"a5.Parent=M;a5.BackgroundColor3=Color3.fromRGB(255,255,255)a5.BackgroundTransparency=1.000;a5.ClipsDescendants=true;a5.Position=UDim2.new(0,0,0.184615389,0)a5.Size=UDim2.new(0,275,0,32)a5.Image="rbxassetid://3570695787"a5.ImageColor3=_G.Theme['OtherColor']a5.ScaleType=Enum.ScaleType.Slice;a5.SliceCenter=Rect.new(100,100,100,100)a5.SliceScale=0.05;a6.Parent=a5;a6.BackgroundColor3=Color3.fromRGB(255,255,255)a6.BackgroundTransparency=1.000;a6.BorderSizePixel=0;a6.Size=UDim2.new(0,275,0,32)a6.Font=Enum.Font.SourceSansBold;a6.Text="                                                                                   v"a6.TextColor3=Color3.fromRGB(255,255,255)a6.TextSize=15.000;a6.TextWrapped=true;a7.Parent=a5;a7.BackgroundColor3=Color3.fromRGB(36,36,36)a7.BackgroundTransparency=1.000;a7.BorderColor3=Color3.fromRGB(56,56,56)a7.BorderSizePixel=0;a7.Size=UDim2.new(0,275,0,32)a7.AutoButtonColor=false;a7.Font=Enum.Font.SourceSansBold;a7.Text=I;a7.TextColor3=Color3.fromRGB(255,255,255)a7.TextSize=15.000;a8.Name="Frame"a8.Parent=a5;a8.BackgroundColor3=Color3.fromRGB(255,255,255)a8.BackgroundTransparency=1.000;a8.ClipsDescendants=false;a8.Position=UDim2.new(0,0,0,32)a8.Size=UDim2.new(0,275,0,32)a8.Image="rbxassetid://3570695787"a8.ImageColor3=_G.Theme['OtherColor']a8.ScaleType=Enum.ScaleType.Slice;a8.SliceCenter=Rect.new(100,100,100,100)a8.SliceScale=0.05;a9.Parent=a8;a9.SortOrder=Enum.SortOrder.LayoutOrder;function dropdownshit()local l=Instance.new("LocalScript",a7)local a7=l.Parent;local aa=l.Parent.Parent.Frame;local ab=l.Parent.Parent.Parent;local E=0;local ac=false;wait(1)for F,B in pairs(aa:GetChildren())do if B:IsA('TextButton')then E=E+1 end end;wait(1)E=E*32;E=E+32;a7.MouseButton1Down:connect(function()if ac==false then ac=true;a5:TweenSize(UDim2.new(0,275,0,E),'Out','Linear',.25)wait(.25)ab.CanvasSize=UDim2.new(0,0,0,ab.UIListLayout.AbsoluteContentSize.Y)elseif ac==true then ac=false;print(E..' true')a5:TweenSize(UDim2.new(0,275,0,32),'In','Linear',.25)wait(.25)ab.CanvasSize=UDim2.new(0,0,0,ab.UIListLayout.AbsoluteContentSize.Y)end end)end;coroutine.wrap(dropdownshit)()local ad={}function ad:AddButton(I,R)local ae=Instance.new("TextButton")ae.Parent=a8;ae.BackgroundColor3=Color3.fromRGB(36,36,36)ae.BackgroundTransparency=1.000;ae.BorderColor3=Color3.fromRGB(56,56,56)ae.BorderSizePixel=0;ae.Size=UDim2.new(0,275,0,32)ae.AutoButtonColor=false;ae.Font=Enum.Font.SourceSansBold;ae.Text=I;ae.TextColor3=Color3.fromRGB(255,255,255)ae.TextSize=15.000;ae.MouseButton1Down:connect(function()pcall(R)end)end;return ad end;return Q end;return H end;return v end;local af=a:Create('Rawr Hub')local ag=af:CreateTab('Prison Life')local ah=ag:CreateSection('Teleports')ah:CreateTextBox('Player Name',function(I)Target=I;game.Players.LocalPlayer.Character.HumanoidRootPart.CFrame=game.Players[Target].Character.HumanoidRootPart.CFrame end)local ai=ah:CreateDropdown('Prison Teleports')ai:AddButton('Prison In',function()game.Players.LocalPlayer.Character.HumanoidRootPart.CFrame=CFrame.new(921.025757,99.9899902,2467.31079,-0.267973721,-6.99410947e-08,-0.963426113,7.27738296e-08,1,-9.28379791e-08,0.963426113,-9.49903551e-08,-0.267973721)end)ai:AddButton('Prison Yard',function()game.Players.LocalPlayer.Character.HumanoidRootPart.CFrame=CFrame.new(770.090637,97.9999466,2476.68628,-0.438502103,8.88243079e-08,0.898730159,4.27871782e-08,1,-7.7956706e-08,-0.898730159,4.26994751e-09,-0.438502103)end)ai:AddButton('Prison Out',function()game.Players.LocalPlayer.Character.HumanoidRootPart.CFrame=CFrame.new(461.056885,98.0399399,2216.55322,0.101156361,2.81871113e-08,0.994870543,-9.2718146e-08,1,-1.89050535e-08,-0.994870543,-9.03301824e-08,0.101156361)end)ai:AddButton('Cafeteria',function()game.Players.LocalPlayer.Character.HumanoidRootPart.CFrame=CFrame.new(895.286499,99.9899597,2281.979,-0.985367537,-5.1045614e-08,-0.170442879,-6.01460997e-08,1,4.82296407e-08,0.170442879,5.77753987e-08,-0.985367537)end)local aj=ah:CreateDropdown('Garage Teleports')aj:AddButton('Criminal Garage',function()game.Players.LocalPlayer.Character.HumanoidRootPart.CFrame=CFrame.new(-910.708557,95.1273117,2152.31763,0.0549355969,-3.99537363e-08,-0.998489916,4.12214618e-08,1,-3.77462115e-08,0.998489916,-3.90856023e-08,0.0549355969)end)aj:AddButton('Prison Garage',function()game.Players.LocalPlayer.Character.HumanoidRootPart.CFrame=CFrame.new(618.632263,98.2000275,2493.61426,0.999138653,-4.66199612e-09,-0.0414963216,5.53297586e-09,1,2.08744684e-08,0.0414963216,-2.10860875e-08,0.999138653)end)aj:AddButton('City Garage',function()game.Players.LocalPlayer.Character.HumanoidRootPart.CFrame=CFrame.new(-530.869141,54.5750389,1776.4071,0.861634672,-7.79034437e-09,0.507528961,7.92556598e-09,1,1.89427962e-09,-0.507528961,2.39027731e-09,0.861634672)end)local ak=ah:CreateDropdown('Base Teleports')ak:AddButton('Criminal Base',function()game.Players.LocalPlayer.Character.HumanoidRootPart.CFrame=CFrame.new(-975.901001,109.323792,2070.86035,-0.0506503284,5.07623064e-08,-0.998716474,-3.09326289e-08,1,5.2396306e-08,0.998716474,3.35468187e-08,-0.0506503284)end)ak:AddButton('Guard Base',function()game.Players.LocalPlayer.Character.HumanoidRootPart.CFrame=CFrame.new(803.225464,99.9900055,2264.79517,0.986784279,-1.03143103e-08,-0.162039518,8.13453571e-09,1,-1.41155603e-08,0.162039518,1.26108963e-08,0.986784279)end)local al=ag:CreateSection('Misc')al:CreateButton('Super Punch',function()mainRemotes=game.ReplicatedStorage;meleeRemote=mainRemotes['meleeEvent']mouse=game.Players.LocalPlayer:GetMouse()punching=false;cooldown=false;function punch()cooldown=true;local am=Instance.new("Part",game.Players.LocalPlayer.Character)am.Transparency=1;am.Size=Vector3.new(5,2,3)am.CanCollide=false;local an=Instance.new("Weld",am)an.Part0=game.Players.LocalPlayer.Character.Torso;an.Part1=am;an.C1=CFrame.new(0,0,2)am.Touched:connect(function(ao)if game.Players:FindFirstChild(ao.Parent.Name)then local ap=game.Players:FindFirstChild(ao.Parent.Name)if ap.Name~=game.Players.LocalPlayer.Name then am:Destroy()for aq=1,100 do meleeRemote:FireServer(ap)end end end end)wait(1)cooldown=false;am:Destroy()end;mouse.KeyDown:connect(function(ar)if cooldown==false then if ar:lower()=="f"then punch()end end end)end)al:CreateButton('Arrest All',function()Player=game.Players.LocalPlayer;Pcf=Player.Character.HumanoidRootPart.CFrame;for am,an in pairs(game.Teams.Criminals:GetPlayers())do if an.Name~=Player.Name then local am=10;repeat wait()am=am-1;game.Workspace.Remote.arrest:InvokeServer(an.Character.HumanoidRootPart)Player.Character.HumanoidRootPart.CFrame=an.Character.HumanoidRootPart.CFrame*CFrame.new(0,0,1)until am==0 end end end)al:CreateButton('Btools',function()local am=Instance.new("HopperBin",game.Players.LocalPlayer.Backpack)local an=Instance.new("HopperBin",game.Players.LocalPlayer.Backpack)local ao=Instance.new("HopperBin",game.Players.LocalPlayer.Backpack)local ap=Instance.new("HopperBin",game.Players.LocalPlayer.Backpack)local aq=Instance.new("HopperBin",game.Players.LocalPlayer.Backpack)am.BinType="Clone"an.BinType="GameTool"ao.BinType="Hammer"ap.BinType="Script"aq.BinType="Grab"end)al:CreateButton('Remove Doors',function()Workspace.Prison_Cellblock.doors:Destroy()for am,an in pairs(workspace:GetChildren())do if an.Name=="Doors"then an:Destroy()end end end)al:CreateButton('Remove Fences',function()game.Workspace.Prison_Fences:Destroy()end)al:CreateButton('Key Card',function()local am=game:GetService("Workspace")["Prison_ITEMS"].single["Key card"].ITEMPICKUP;local an=game:GetService("Workspace").Remote.ItemHandler;an:InvokeServer(am)end)al:CreateButton('Click Arrest',function()local am=game.Players.LocalPlayer:GetMouse()local an=game.Workspace.Remote.arrest;am.Button1Down:connect(function()local ao=am.Target;local ap=an:InvokeServer(ao)end)end)al:CreateToggle('ESP','Captures every trace of every single player.',function(as)if as==true then local am=Instance.new("Folder",game.CoreGui)am.Name="ESP"local an=Instance.new("BoxHandleAdornment")an.Name="nilBox"an.Size=Vector3.new(4,7,4)an.Color3=Color3.new(100/255,100/255,100/255)an.Transparency=0.7;an.ZIndex=0;an.AlwaysOnTop=true;an.Visible=true;local ao=Instance.new("BillboardGui")ao.Name="nilNameTag"ao.Enabled=false;ao.Size=UDim2.new(0,200,0,50)ao.AlwaysOnTop=true;ao.StudsOffset=Vector3.new(0,1.8,0)local ap=Instance.new("TextLabel",ao)ap.Name="Tag"ap.BackgroundTransparency=1;ap.Position=UDim2.new(0,-50,0,0)ap.Size=UDim2.new(0,300,0,20)ap.TextSize=20;ap.TextColor3=Color3.new(100/255,100/255,100/255)ap.TextStrokeColor3=Color3.new(0/255,0/255,0/255)ap.TextStrokeTransparency=0.4;ap.Text="nil"ap.Font=Enum.Font.SourceSansBold;ap.TextScaled=false;local aq=function(ar)repeat wait()until ar.Character~=nil;ar.Character:WaitForChild("Humanoid")local at=am:FindFirstChild(ar.Name)at:ClearAllChildren()local au=an:Clone()au.Name=ar.Name.."Box"au.Adornee=ar.Character;au.Parent=at;local A=ao:Clone()A.Name=ar.Name.."NameTag"A.Enabled=true;A.Parent=at;A.Adornee=ar.Character:WaitForChild("Head",5)if not A.Adornee then return UnloadCharacter(ar)end;A.Tag.Text=ar.Name;local av=10;while true do for aw=0,1,0.001*av do au.Color3=Color3.fromHSV(aw,1,1)A.Tag.TextColor3=Color3.fromHSV(aw,1,1)wait()end end;local ax;local ay=function()if not pcall(function()ar.Character.Humanoid.DisplayDistanceType=Enum.HumanoidDisplayDistanceType.None;local az=math.floor(ar.Character.Humanoid.MaxHealth)local aA=math.floor(ar.Character.Humanoid.Health)A.Tag.Text=ar.Name.."\n"..(az~=0 and tostring(math.floor(aA/az*100))or"0").."%  "..tostring(aA).."/"..tostring(az)end)then ax:Disconnect()end end;ay()ax=ar.Character.Humanoid.Changed:Connect(ay)end;local UnloadCharacter=function(ar)local at=am:FindFirstChild(ar.Name)if at and(at:FindFirstChild(ar.Name.."Box")~=nil or at:FindFirstChild(ar.Name.."NameTag")~=nil)then at:ClearAllChildren()end end;local aB=function(ar)local at=Instance.new("Folder",am)at.Name=ar.Name;ar.CharacterAdded:Connect(function()pcall(aq,ar)end)ar.CharacterRemoving:Connect(function()pcall(UnloadCharacter,ar)end)ar.Changed:Connect(function(aC)if aC=="TeamColor"then UnloadCharacter(ar)wait()aq(ar)end end)aq(ar)end;local aD=function(ar)UnloadCharacter(ar)local at=am:FindFirstChild(ar.Name)if at then at:Destroy()end end;for aw,ar in pairs(game:GetService("Players"):GetPlayers())do spawn(function()pcall(aB,ar)end)end;game:GetService("Players").PlayerAdded:Connect(function(ar)pcall(aB,ar)end)game:GetService("Players").PlayerRemoving:Connect(function(ar)pcall(aD,ar)end)game:GetService("Players").LocalPlayer.NameDisplayDistance=0 else local aE=game:GetService("CoreGui").ESP;aE:Remove()end end)al:CreateToggle('Tase Bypass','Bypassing Tase Thing.',function(as)if as==true then game.Players.LocalPlayer.Character.ClientInputHandler.Disabled=true;game.Players.LocalPlayer.CharacterAdded:connect(function()game.Workspace:WaitForChild(game.Players.LocalPlayer.Name)game.Players.LocalPlayer.Character.ClientInputHandler.Disabled=true end)else game.Players.LocalPlayer.Character.ClientInputHandler.Disabled=false;game.Players.LocalPlayer.CharacterAdded:connect(function()game.Workspace:WaitForChild(game.Players.LocalPlayer.Name)game.Players.LocalPlayer.Character.ClientInputHandler.Disabled=false end)end end)al:CreateToggle('Tase All','Simple, Tase All.',function(as)if as==true then _G.tazeall=true;while _G.tazeall do function kill(am)local an={[1]={["RayObject"]=Ray.new(Vector3.new(829.838562,101.489998,2331.25635),Vector3.new(-30.6540909,-5.42795324,95.0308533)),["Distance"]=15.355997085571,["Cframe"]=CFrame.new(826.616699,100.8508,2340.11279,0.964640439,-0.00993416365,-0.263382077,9.31322575e-10,0.999289393,-0.0376908854,0.263569355,0.0363581516,0.963954985),["Hit"]=am.Character.Torso}}local ao=game.Players.LocalPlayer.Backpack["Taser"]local ap=game:GetService("ReplicatedStorage").ShootEvent;ap:FireServer(an,ao)end;for aq,ar in pairs(game.Players:GetChildren())do if ar.Name~=game.Players.LocalPlayer.Name then kill(ar)wait()end end end else _G.tazeall=false end end)local aF=ag:CreateSection('Combat')local aG=aF:CreateDropdown('Select Gun')aG:AddButton('Remington 870',function()local aH=game:GetService("Workspace")["Prison_ITEMS"].giver["Remington 870"].ITEMPICKUP;local aI=game:GetService("Workspace").Remote.ItemHandler;aI:InvokeServer(aH)end)aG:AddButton('M9',function()local aH=game:GetService("Workspace")["Prison_ITEMS"].giver.M9.ITEMPICKUP;local aI=game:GetService("Workspace").Remote.ItemHandler;aI:InvokeServer(aH)end)aG:AddButton('AK-47',function()local aH=game:GetService("Workspace")["Prison_ITEMS"].giver["AK-47"].ITEMPICKUP;local aI=game:GetService("Workspace").Remote.ItemHandler;aI:InvokeServer(aH)end)local aJ=aF:CreateDropdown('Extra Items')aJ:AddButton('Sword',function()local plr=game.Players.LocalPlayer;local aK=Instance.new("Tool",plr.Backpack)aK.GripPos=Vector3.new(0.1,-1,0)aK.Name="Sword"local aw=Instance.new("Part",aK)aw.Name="Handle"aw.Size=Vector3.new(0.4,4,0.4)local ax=Instance.new("Animation",aK)ax.AnimationId="rbxassetid://218504594"local ay=plr.Character.Humanoid:LoadAnimation(ax)db=true;da=false;aK.Equipped:connect(function()aK.Activated:connect(function()if db==true then db=false;ay:Play()wait()da=true;db=true;wait(0.1)da=false end end)end)aw.Touched:connect(function(az)if da==true then local aA=az.Parent.Humanoid;if aA~=nil then local aB=game.Players:FindFirstChild(az.Parent.Name)for av=1,10 do if aB.Name~="RealAnimus"then game.ReplicatedStorage.meleeEvent:FireServer(aB)end end end end end)end)aJ:AddButton('Hammer',function()local aH=game:GetService("Workspace")["Prison_ITEMS"].single.Hammer.ITEMPICKUP;local aI=game:GetService("Workspace").Remote.ItemHandler;aI:InvokeServer(aH)end)aJ:AddButton('Knife',function()local aH=game:GetService("Workspace")["Prison_ITEMS"].single["Crude Knife"].ITEMPICKUP;local aI=game:GetService("Workspace").Remote.ItemHandler;aI:InvokeServer(aH)end)aF:CreateButton('All Guns',function()for am,an in pairs(Workspace.Prison_ITEMS.giver:GetChildren())do OwO=Workspace.Remote.ItemHandler:InvokeServer(an.ITEMPICKUP)end end)aF:CreateButton('Modify Gun',function()local aL=require(game:GetService('Players').LocalPlayer.Character:FindFirstChildOfClass("Tool").GunStates)aL.Damage=200;aL.MaxAmmo=math.huge;aL.CurrentAmmo=math.huge;aL.AutoFire=true;aL.FireRate=0;aL.Spread=0;aL.ReloadTime=0;aL.Range=math.huge;aL.Bullets=100;aL.StoredAmmo=math.huge end)aF:CreateButton('Ghost Gun',function()for A,B in pairs(game.Players.LocalPlayer.Backpack:GetDescendants())do if B.ClassName=="Model"then B:Destroy()end end;game.Players.LocalPlayer.Backpack.M9.Part:Destroy()game.Players.LocalPlayer.Backpack.M9.Part:Destroy()end)aF:CreateTextBox('Kill Player',function(aM)workspace.Remote.TeamEvent:FireServer("Medium stone grey")game.Workspace.Remote.ItemHandler:InvokeServer(workspace.Prison_ITEMS.giver["Remington 870"].ITEMPICKUP)wait(0.5)function kill(am)local an={[1]={["RayObject"]=Ray.new(Vector3.new(845.555908,101.429337,2269.43945),Vector3.new(-391.152252,8.65560055,-83.2166901)),["Distance"]=3.2524313926697,["Cframe"]=CFrame.new(840.310791,101.334137,2267.87988,0.0636406094,0.151434347,-0.986416459,0,0.988420188,0.151741937,0.997972965,-0.00965694897,0.0629036576),["Hit"]=am.Character.Head},[2]={["RayObject"]=Ray.new(Vector3.new(845.555908,101.429337,2269.43945),Vector3.new(-392.481476,-8.44939327,-76.7261353)),["Distance"]=3.2699294090271,["Cframe"]=CFrame.new(840.290466,101.184189,2267.93506,0.0964837447,0.0589403138,-0.993587971,4.65661287e-10,0.998245299,0.0592165813,0.995334625,-0.00571343815,0.0963144377),["Hit"]=am.Character.Head},[3]={["RayObject"]=Ray.new(Vector3.new(845.555908,101.429337,2269.43945),Vector3.new(-389.21701,-2.50536323,-92.2163162)),["Distance"]=3.1665518283844,["Cframe"]=CFrame.new(840.338867,101.236496,2267.80371,0.0166504811,0.0941716284,-0.995416701,1.16415322e-10,0.995554805,0.0941846818,0.999861419,-0.00156822044,0.0165764652),["Hit"]=am.Character.Head},[4]={["RayObject"]=Ray.new(Vector3.new(845.555908,101.429337,2269.43945),Vector3.new(-393.353973,3.13988972,-72.5452042)),["Distance"]=3.3218522071838,["Cframe"]=CFrame.new(840.277222,101.285957,2267.9707,0.117109694,0.118740402,-0.985994935,-1.86264515e-09,0.992826641,0.119563118,0.993119001,-0.0140019981,0.116269611),["Hit"]=am.Character.Head},[5]={["RayObject"]=Ray.new(Vector3.new(845.555908,101.429337,2269.43945),Vector3.new(-390.73172,3.2097764,-85.5477524)),["Distance"]=3.222757101059,["Cframe"]=CFrame.new(840.317993,101.286423,2267.86035,0.0517584644,0.123365127,-0.991010666,0,0.992340803,0.123530701,0.99865967,-0.00639375951,0.0513620302),["Hit"]=am.Character.Head}}local ao=game.Players.LocalPlayer.Backpack["Remington 870"]local ap=game:GetService("ReplicatedStorage").ShootEvent;ap:FireServer(an,ao)ap:FireServer(an,ao)end;for aq,ar in pairs(game.Players:GetChildren())do if ar.Name==aM then kill(ar)end end;wait(1)workspace.Remote.TeamEvent:FireServer("Bright orange")end)aF:CreateButton('Kill All [For Free Exploits]',function()for am,an in next,game.Players:GetPlayers()do if an.Character~=nil and an~=game.Players.LocalPlayer then repeat local ao=an.Character.HumanoidRootPart.CFrame;game.Players.LocalPlayer.Character.HumanoidRootPart.CFrame=CFrame.new(ao.x,ao.y,ao.z-1)local ap=game:GetService("ReplicatedStorage").meleeEvent;ap:FireServer(an)ap:FireServer(an)ap:FireServer(an)wait()until an.Character.Humanoid.Health<=0 end end end)aF:CreateToggle('Kill All','Killing Everyone.',function(as)if as==true then _G.KillALL=true;while _G.KillALL do workspace.Remote.TeamEvent:FireServer("Medium stone grey")game.Workspace.Remote.ItemHandler:InvokeServer(workspace.Prison_ITEMS.giver["Remington 870"].ITEMPICKUP)wait(0.5)function kill(am)local an={[1]={["RayObject"]=Ray.new(Vector3.new(845.555908,101.429337,2269.43945),Vector3.new(-391.152252,8.65560055,-83.2166901)),["Distance"]=3.2524313926697,["Cframe"]=CFrame.new(840.310791,101.334137,2267.87988,0.0636406094,0.151434347,-0.986416459,0,0.988420188,0.151741937,0.997972965,-0.00965694897,0.0629036576),["Hit"]=am.Character.Head},[2]={["RayObject"]=Ray.new(Vector3.new(845.555908,101.429337,2269.43945),Vector3.new(-392.481476,-8.44939327,-76.7261353)),["Distance"]=3.2699294090271,["Cframe"]=CFrame.new(840.290466,101.184189,2267.93506,0.0964837447,0.0589403138,-0.993587971,4.65661287e-10,0.998245299,0.0592165813,0.995334625,-0.00571343815,0.0963144377),["Hit"]=am.Character.Head},[3]={["RayObject"]=Ray.new(Vector3.new(845.555908,101.429337,2269.43945),Vector3.new(-389.21701,-2.50536323,-92.2163162)),["Distance"]=3.1665518283844,["Cframe"]=CFrame.new(840.338867,101.236496,2267.80371,0.0166504811,0.0941716284,-0.995416701,1.16415322e-10,0.995554805,0.0941846818,0.999861419,-0.00156822044,0.0165764652),["Hit"]=am.Character.Head},[4]={["RayObject"]=Ray.new(Vector3.new(845.555908,101.429337,2269.43945),Vector3.new(-393.353973,3.13988972,-72.5452042)),["Distance"]=3.3218522071838,["Cframe"]=CFrame.new(840.277222,101.285957,2267.9707,0.117109694,0.118740402,-0.985994935,-1.86264515e-09,0.992826641,0.119563118,0.993119001,-0.0140019981,0.116269611),["Hit"]=am.Character.Head},[5]={["RayObject"]=Ray.new(Vector3.new(845.555908,101.429337,2269.43945),Vector3.new(-390.73172,3.2097764,-85.5477524)),["Distance"]=3.222757101059,["Cframe"]=CFrame.new(840.317993,101.286423,2267.86035,0.0517584644,0.123365127,-0.991010666,0,0.992340803,0.123530701,0.99865967,-0.00639375951,0.0513620302),["Hit"]=am.Character.Head}}local ao=game.Players.LocalPlayer.Backpack["Remington 870"]local ap=game:GetService("ReplicatedStorage").ShootEvent;ap:FireServer(an,ao)ap:FireServer(an,ao)end;for aq,ar in pairs(game.Players:GetChildren())do if ar.Name~=game.Players.LocalPlayer.Name then kill(ar)end end;wait(1)workspace.Remote.TeamEvent:FireServer("Bright orange")wait(1.5)end else _G.KillALL=false end end)aF:CreateToggle('Kill Criminals','Killing Criminals.',function(as)if as==true then _G.CriminalKill=true;while _G.CriminalKill do workspace.Remote.TeamEvent:FireServer("Medium stone grey")game.Workspace.Remote.ItemHandler:InvokeServer(workspace.Prison_ITEMS.giver["Remington 870"].ITEMPICKUP)wait(0.5)function kill(am)local an={[1]={["RayObject"]=Ray.new(Vector3.new(845.555908,101.429337,2269.43945),Vector3.new(-391.152252,8.65560055,-83.2166901)),["Distance"]=3.2524313926697,["Cframe"]=CFrame.new(840.310791,101.334137,2267.87988,0.0636406094,0.151434347,-0.986416459,0,0.988420188,0.151741937,0.997972965,-0.00965694897,0.0629036576),["Hit"]=am.Character.Head},[2]={["RayObject"]=Ray.new(Vector3.new(845.555908,101.429337,2269.43945),Vector3.new(-392.481476,-8.44939327,-76.7261353)),["Distance"]=3.2699294090271,["Cframe"]=CFrame.new(840.290466,101.184189,2267.93506,0.0964837447,0.0589403138,-0.993587971,4.65661287e-10,0.998245299,0.0592165813,0.995334625,-0.00571343815,0.0963144377),["Hit"]=am.Character.Head},[3]={["RayObject"]=Ray.new(Vector3.new(845.555908,101.429337,2269.43945),Vector3.new(-389.21701,-2.50536323,-92.2163162)),["Distance"]=3.1665518283844,["Cframe"]=CFrame.new(840.338867,101.236496,2267.80371,0.0166504811,0.0941716284,-0.995416701,1.16415322e-10,0.995554805,0.0941846818,0.999861419,-0.00156822044,0.0165764652),["Hit"]=am.Character.Head},[4]={["RayObject"]=Ray.new(Vector3.new(845.555908,101.429337,2269.43945),Vector3.new(-393.353973,3.13988972,-72.5452042)),["Distance"]=3.3218522071838,["Cframe"]=CFrame.new(840.277222,101.285957,2267.9707,0.117109694,0.118740402,-0.985994935,-1.86264515e-09,0.992826641,0.119563118,0.993119001,-0.0140019981,0.116269611),["Hit"]=am.Character.Head},[5]={["RayObject"]=Ray.new(Vector3.new(845.555908,101.429337,2269.43945),Vector3.new(-390.73172,3.2097764,-85.5477524)),["Distance"]=3.222757101059,["Cframe"]=CFrame.new(840.317993,101.286423,2267.86035,0.0517584644,0.123365127,-0.991010666,0,0.992340803,0.123530701,0.99865967,-0.00639375951,0.0513620302),["Hit"]=am.Character.Head}}local ao=game.Players.LocalPlayer.Backpack["Remington 870"]local ap=game:GetService("ReplicatedStorage").ShootEvent;ap:FireServer(an,ao)ap:FireServer(an,ao)end;for aq,ar in pairs(game.Players:GetChildren())do if ar.TeamColor==BrickColor.new("Really red")then kill(ar)end end;wait(1)workspace.Remote.TeamEvent:FireServer("Bright orange")wait(1.5)end else _G.CriminalKill=false end end)aF:CreateToggle('Kill Prisoners','Killing Prisoners.',function(as)if as==true then _G.PrisonerKill=true;while _G.PrisonerKill do workspace.Remote.TeamEvent:FireServer("Medium stone grey")game.Workspace.Remote.ItemHandler:InvokeServer(workspace.Prison_ITEMS.giver["Remington 870"].ITEMPICKUP)wait(0.5)function kill(am)local an={[1]={["RayObject"]=Ray.new(Vector3.new(845.555908,101.429337,2269.43945),Vector3.new(-391.152252,8.65560055,-83.2166901)),["Distance"]=3.2524313926697,["Cframe"]=CFrame.new(840.310791,101.334137,2267.87988,0.0636406094,0.151434347,-0.986416459,0,0.988420188,0.151741937,0.997972965,-0.00965694897,0.0629036576),["Hit"]=am.Character.Head},[2]={["RayObject"]=Ray.new(Vector3.new(845.555908,101.429337,2269.43945),Vector3.new(-392.481476,-8.44939327,-76.7261353)),["Distance"]=3.2699294090271,["Cframe"]=CFrame.new(840.290466,101.184189,2267.93506,0.0964837447,0.0589403138,-0.993587971,4.65661287e-10,0.998245299,0.0592165813,0.995334625,-0.00571343815,0.0963144377),["Hit"]=am.Character.Head},[3]={["RayObject"]=Ray.new(Vector3.new(845.555908,101.429337,2269.43945),Vector3.new(-389.21701,-2.50536323,-92.2163162)),["Distance"]=3.1665518283844,["Cframe"]=CFrame.new(840.338867,101.236496,2267.80371,0.0166504811,0.0941716284,-0.995416701,1.16415322e-10,0.995554805,0.0941846818,0.999861419,-0.00156822044,0.0165764652),["Hit"]=am.Character.Head},[4]={["RayObject"]=Ray.new(Vector3.new(845.555908,101.429337,2269.43945),Vector3.new(-393.353973,3.13988972,-72.5452042)),["Distance"]=3.3218522071838,["Cframe"]=CFrame.new(840.277222,101.285957,2267.9707,0.117109694,0.118740402,-0.985994935,-1.86264515e-09,0.992826641,0.119563118,0.993119001,-0.0140019981,0.116269611),["Hit"]=am.Character.Head},[5]={["RayObject"]=Ray.new(Vector3.new(845.555908,101.429337,2269.43945),Vector3.new(-390.73172,3.2097764,-85.5477524)),["Distance"]=3.222757101059,["Cframe"]=CFrame.new(840.317993,101.286423,2267.86035,0.0517584644,0.123365127,-0.991010666,0,0.992340803,0.123530701,0.99865967,-0.00639375951,0.0513620302),["Hit"]=am.Character.Head}}local ao=game.Players.LocalPlayer.Backpack["Remington 870"]local ap=game:GetService("ReplicatedStorage").ShootEvent;ap:FireServer(an,ao)ap:FireServer(an,ao)end;for aq,ar in pairs(game.Players:GetChildren())do if ar.TeamColor==BrickColor.new("Bright orange")then kill(ar)end end;wait(1)workspace.Remote.TeamEvent:FireServer("Bright orange")wait(1.5)end else _G.PrisonerKill=false end end)aF:CreateToggle('Kill Guards','Killing Guards.',function(as)if as==true then _G.GuardKill=true;while _G.GuardKill do workspace.Remote.TeamEvent:FireServer("Medium stone grey")game.Workspace.Remote.ItemHandler:InvokeServer(workspace.Prison_ITEMS.giver["Remington 870"].ITEMPICKUP)wait(0.5)function kill(am)local an={[1]={["RayObject"]=Ray.new(Vector3.new(845.555908,101.429337,2269.43945),Vector3.new(-391.152252,8.65560055,-83.2166901)),["Distance"]=3.2524313926697,["Cframe"]=CFrame.new(840.310791,101.334137,2267.87988,0.0636406094,0.151434347,-0.986416459,0,0.988420188,0.151741937,0.997972965,-0.00965694897,0.0629036576),["Hit"]=am.Character.Head},[2]={["RayObject"]=Ray.new(Vector3.new(845.555908,101.429337,2269.43945),Vector3.new(-392.481476,-8.44939327,-76.7261353)),["Distance"]=3.2699294090271,["Cframe"]=CFrame.new(840.290466,101.184189,2267.93506,0.0964837447,0.0589403138,-0.993587971,4.65661287e-10,0.998245299,0.0592165813,0.995334625,-0.00571343815,0.0963144377),["Hit"]=am.Character.Head},[3]={["RayObject"]=Ray.new(Vector3.new(845.555908,101.429337,2269.43945),Vector3.new(-389.21701,-2.50536323,-92.2163162)),["Distance"]=3.1665518283844,["Cframe"]=CFrame.new(840.338867,101.236496,2267.80371,0.0166504811,0.0941716284,-0.995416701,1.16415322e-10,0.995554805,0.0941846818,0.999861419,-0.00156822044,0.0165764652),["Hit"]=am.Character.Head},[4]={["RayObject"]=Ray.new(Vector3.new(845.555908,101.429337,2269.43945),Vector3.new(-393.353973,3.13988972,-72.5452042)),["Distance"]=3.3218522071838,["Cframe"]=CFrame.new(840.277222,101.285957,2267.9707,0.117109694,0.118740402,-0.985994935,-1.86264515e-09,0.992826641,0.119563118,0.993119001,-0.0140019981,0.116269611),["Hit"]=am.Character.Head},[5]={["RayObject"]=Ray.new(Vector3.new(845.555908,101.429337,2269.43945),Vector3.new(-390.73172,3.2097764,-85.5477524)),["Distance"]=3.222757101059,["Cframe"]=CFrame.new(840.317993,101.286423,2267.86035,0.0517584644,0.123365127,-0.991010666,0,0.992340803,0.123530701,0.99865967,-0.00639375951,0.0513620302),["Hit"]=am.Character.Head}}local ao=game.Players.LocalPlayer.Backpack["Remington 870"]local ap=game:GetService("ReplicatedStorage").ShootEvent;ap:FireServer(an,ao)ap:FireServer(an,ao)end;for aq,ar in pairs(game.Players:GetChildren())do if ar.TeamColor==BrickColor.new("Bright blue")then kill(ar)end end;wait(1)workspace.Remote.TeamEvent:FireServer("Bright orange")wait(1.5)end else _G.GuardKill=false end end)aF:CreateToggle('Kill Aura','Kills everyone in inches from you.',function(as)if as==true then _G.killaura=true;mainRemotes=game.ReplicatedStorage;meleeRemote=mainRemotes['meleeEvent']while wait()do if _G.killaura then for am,an in pairs(game:GetService('Players'):GetChildren())do if an.Name~=game.Players.LocalPlayer.Name then meleeRemote:FireServer(an)end end end end else _G.killaura=false end end)local aN=ag:CreateSection('Player')aN:CreateTextBox('Speed Value',function(I)Value=I;game.Players.LocalPlayer.Character.Humanoid.WalkSpeed=Value end)aN:CreateTextBox('Jump Value',function(I)Value=I;game.Players.LocalPlayer.Character.Humanoid.JumpPower=Value end)local aO=aN:CreateDropdown('Change Team')aO:AddButton('Inmute',function()Workspace.Remote.TeamEvent:FireServer("Bright orange")end)aO:AddButton('Guard',function()Workspace.Remote.TeamEvent:FireServer("Bright blue")end)aO:AddButton('Neutral',function()Workspace.Remote.TeamEvent:FireServer("Medium stone grey")end)aO:AddButton('Criminal',function()LCS=game.Workspace["Criminals Spawn"].SpawnLocation;LCS.CanCollide=false;LCS.Size=Vector3.new(51.05,24.12,54.76)LCS.CFrame=game.Players.LocalPlayer.Character.HumanoidRootPart.CFrame;LCS.Transparency=1;wait(0.5)LCS.CFrame=CFrame.new(-920.510803,92.2271957,2138.27002,0,0,-1,0,1,0,1,0,0)LCS.Size=Vector3.new(6,0.2,6)LCS.Transparency=0 end)aN:CreateButton('Fast Respawn',function()saved=game.Players.LocalPlayer.Character.HumanoidRootPart.CFrame;wait()local am="LocalPlayer"local an=game:GetService("Workspace").Remote.loadchar;an:InvokeServer(am)game.Players.LocalPlayer.Character.HumanoidRootPart.CFrame=saved end)aN:CreateToggle('No-Clip','that allows a player avatar to walk through any physical object',function(as)if as==true then _G.noclipthink=true;game:GetService('RunService').Stepped:connect(function()if _G.noclipthink then game.Players.LocalPlayer.Character.Humanoid:ChangeState(11)end end)plr=game.Players.LocalPlayer;if _G.noclipthink==false then game.Players.LocalPlayer.Character.Humanoid:ChangeState(11)end else _G.noclipthink=false end end)aN:CreateToggle('